0.6593283 0.4749374 0.6843121 0.5391302
0.6139443 0.1117031 0.7066958 0.1568812
0.2803952 0.0122176 0.1729512 0.0135599
0.4898638 0.5341217 0.4060003 0.6464021
0.8183892 0.4929768 0.6843121 0.5391302
0.6673119 0.3007983 0.7066958 0.1568812
0.6139443 0.1117031 0.4489141 0.0562685
0.2803952 0.0122176 0.4489141 0.0562685
0.6593283 0.4749374 0.6673119 0.3007983
0.4898638 0.5341217 0.6593283 0.4749374
0.4898638 0.5341217 0.3283856 0.4356078
0.5238260 0.7946109 0.4060003 0.6464021
0.5238260 0.7946109 0.7079213 0.7496262
0.5238260 0.7946109 0.3988946 0.9371529
