0.4489141 0.0562685 0.5778049 0.1065748
0.5778049 0.1065748 0.7066958 0.1568812
0.1729512 0.0135599 0.3109326 0.0349142
0.3109326 0.0349142 0.4489141 0.0562685
0.8183892 0.4929768 0.6843121 0.5391302
0.3988946 0.9371529 0.4024474 0.7917775
0.4024474 0.7917775 0.4060003 0.6464021
0.4060003 0.6464021 0.5451562 0.5927661
0.5451562 0.5927661 0.6843121 0.5391302
0.6673119 0.3007983 0.7066958 0.1568812
0.6843121 0.5391302 0.7079213 0.7496262
0.4060003 0.6464021 0.3283856 0.4356078
0.6843121 0.5391302 0.6758120 0.4199643
0.6758120 0.4199643 0.6673119 0.3007983
